0.000000e+00
1.033914e-01
2.071056e-01
3.102615e-01
4.136209e-01
5.179293e-01
6.203887e-01
7.242193e-01
8.272107e-01
9.305570e-01
1.034070e+00
1.137438e+00
1.244258e+00
1.344229e+00
1.447568e+00
1.551083e+00
1.654521e+00
1.757843e+00
1.861353e+00
1.964724e+00
2.068236e+00
2.171620e+00
2.275131e+00
2.378626e+00
2.482010e+00
2.585514e+00
2.689023e+00
2.793694e+00
2.896139e+00
2.999556e+00
3.103545e+00
3.206573e+00
3.310078e+00
3.413963e+00
3.517076e+00
3.620721e+00
3.724674e+00
3.827725e+00
3.931241e+00
4.034871e+00
4.142151e+00
4.243437e+00
4.345966e+00
4.449183e+00
4.552519e+00
4.656235e+00
4.760815e+00
4.863788e+00
4.966824e+00
5.073257e+00
5.174268e+00
5.277498e+00
5.381142e+00
5.484644e+00
5.588095e+00
5.691619e+00
5.795223e+00
5.898736e+00
6.002373e+00
